6
-1,37,49,41,45,115,0,-1
37,-1,10,74,84,79,0,-1
49,10,-1,69,79,81,0,-1
41,74,69,-1,10,154,-1,0
45,84,79,10,-1,161,-1,0
115,79,81,154,161,-1,0,-1
0,0,0,-1,-1,0,-1,0
-1,-1,-1,0,0,-1,0,-1